place(12.563, 0.974, 24.162, "Cowboy", 500)
upgrade(12.563, 2.324, 24.162, 150)
place(12.482, 0.976, 27.172, "Cowboy", 500)
upgrade(12.482, 2.326, 27.172, 150)
place(12.291, 0.978, 30.216, "Cowboy", 500)
upgrade(12.291, 2.328, 30.216, 150)
place(15.688, 0.978, 24.099, "Cowboy", 500)
upgrade(15.688, 2.328, 24.099, 150)
place(15.566, 0.980, 27.261, "Cowboy", 500)
upgrade(15.566, 2.330, 27.261, 150)
place(15.484, 0.983, 30.330, "Cowboy", 500)
upgrade(15.484, 2.333, 30.330, 150)
place(9.795, 0.971, 25.584, "Cowboy", 500)
upgrade(9.795, 2.321, 25.584, 150)
place(9.634, 0.973, 28.590, "Cowboy", 500)
upgrade(9.634, 2.323, 28.590, 150)
place(18.904, 0.982, 24.227, "Cowboy", 500)
upgrade(18.904, 2.332, 24.227, 150)
place(18.825, 0.985, 27.232, "Cowboy", 500)
upgrade(18.825, 2.335, 27.232, 150)
upgrade(9.795, 2.321, 25.584, 550)
upgrade(12.563, 2.324, 24.162, 550)
upgrade(15.688, 2.328, 24.099, 550)
upgrade(9.634, 2.323, 28.590, 550)
upgrade(12.482, 2.326, 27.172, 550)
upgrade(15.566, 2.330, 27.261, 550)
upgrade(18.904, 2.332, 24.227, 550)
upgrade(18.825, 2.335, 27.232, 550)
upgrade(12.291, 2.328, 30.216, 550)
upgrade(15.484, 2.333, 30.330, 550)
upgrade(12.563, 2.324, 24.162, 1500)
upgrade(15.688, 2.328, 24.099, 1500)
upgrade(9.795, 2.321, 25.584, 1500)
upgrade(12.482, 2.326, 27.172, 1500)
upgrade(9.634, 2.323, 28.590, 1500)
upgrade(12.291, 2.328, 30.216, 1500)
upgrade(18.904, 2.332, 24.227, 1500)
upgrade(18.825, 2.335, 27.232, 1500)
upgrade(15.566, 2.330, 27.261, 1500)
upgrade(15.484, 2.333, 30.330, 1500)
upgrade(12.563, 2.324, 24.162, 3000)
upgrade(15.688, 2.328, 24.099, 3000)
upgrade(18.825, 2.335, 27.232, 3000)
upgrade(18.904, 2.332, 24.227, 3000)
upgrade(9.795, 2.321, 25.584, 3000)
upgrade(12.482, 2.326, 27.172, 3000)
upgrade(15.566, 2.330, 27.261, 3000)
upgrade(15.484, 2.333, 30.330, 3000)
upgrade(12.291, 2.328, 30.216, 3000)
upgrade(9.634, 2.323, 28.590, 3000)
upgrade(12.563, 2.324, 24.162, 5250)
upgrade(15.688, 2.328, 24.099, 5250)
upgrade(18.904, 2.332, 24.227, 5250)
upgrade(18.825, 2.335, 27.232, 5250)
upgrade(15.566, 2.330, 27.261, 5250)
upgrade(12.482, 2.326, 27.172, 5250)
upgrade(9.795, 2.321, 25.584, 5250)
upgrade(15.484, 2.333, 30.330, 5250)
upgrade(12.291, 2.328, 30.216, 5250)
upgrade(9.634, 2.323, 28.590, 5250)
place(2.174, 4.855, 2.543, "Spotlight Tech", 8032)
upgrade(3.053, 6.228, 2.543, 4807)
upgrade(3.053, 6.228, 2.543, 5410)
upgrade(3.053, 6.228, 2.543, 13316)
upgrade(3.053, 6.228, 2.543, 19654)
place(1.906, 0.915, 7.739, "Turret", 5000)
upgrade(1.906, 1.865, 7.739, 1250)
upgrade(1.906, 1.865, 7.739, 7250)
place(5.770, 0.917, 8.815, "Turret", 5000)
upgrade(5.770, 1.867, 8.815, 1250)
upgrade(5.770, 1.867, 8.815, 7250)
place(9.263, 0.927, 10.841, "Turret", 5000)
upgrade(9.263, 1.877, 10.841, 1250)
upgrade(9.263, 1.877, 10.841, 7250)
place(3.952, 4.764, 6.298, "Ranger", 4500)
upgrade(3.952, 6.114, 6.298, 1500)
upgrade(3.952, 6.114, 6.298, 4500)
place(6.817, 4.363, 7.318, "Ranger", 4500)
upgrade(6.817, 5.713, 7.318, 1500)
upgrade(6.817, 5.713, 7.318, 4500)
place(9.988, 4.058, 8.587, "Ranger", 4500)
upgrade(9.988, 5.408, 8.587, 1500)
upgrade(9.988, 5.408, 8.587, 4500)
place(13.054, 4.085, 8.292, "Ranger", 4500)
place(13.013, 4.083, 8.307, "Ranger", 4500)
upgrade(13.013, 5.433, 8.307, 1500)
upgrade(13.013, 5.433, 8.307, 4500)
place(14.725, 4.441, 5.816, "Ranger", 4500)
upgrade(14.725, 5.791, 5.816, 1500)
upgrade(14.725, 5.791, 5.816, 4500)
place(11.704, 4.385, 5.577, "Ranger", 4500)
upgrade(11.704, 5.735, 5.577, 1500)
upgrade(11.704, 5.735, 5.577, 4500)
place(8.502, 4.518, 4.538, "Ranger", 4500)
upgrade(8.502, 5.868, 4.538, 1500)
upgrade(8.502, 5.868, 4.538, 4500)
upgrade(9.263, 1.877, 10.841, 15000)
upgrade(5.770, 1.867, 8.815, 15000)
upgrade(1.906, 1.865, 7.739, 15000)
upgrade(9.263, 1.877, 10.841, 30000)
upgrade(5.770, 1.867, 8.815, 30000)
upgrade(1.906, 1.865, 7.739, 30000)
upgrade(9.988, 5.408, 8.587, 13500)
upgrade(6.817, 5.713, 7.318, 13500)
upgrade(3.952, 6.114, 6.298, 13500)
upgrade(13.013, 5.433, 8.307, 13500)
upgrade(14.725, 5.791, 5.816, 13500)
upgrade(11.704, 5.735, 5.577, 13500)
upgrade(8.502, 5.868, 4.538, 13500)
place(7.277, 0.907, 13.933, "Accelerator", 4500)
upgrade(7.277, 2.257, 13.933, 1000)
upgrade(7.277, 2.257, 13.933, 2500)
upgrade(7.277, 2.257, 13.933, 4750)
upgrade(7.277, 2.257, 13.933, 11250)
upgrade(7.277, 2.257, 13.933, 36000)
place(12.877, 0.944, 10.819, "Accelerator", 4500)
upgrade(12.877, 2.294, 10.819, 1000)
upgrade(12.877, 2.294, 10.819, 2500)
upgrade(12.877, 2.294, 10.819, 4750)
upgrade(12.877, 2.294, 10.819, 11250)
upgrade(12.877, 2.294, 10.819, 36000)
place(11.095, 0.925, 13.896, "Accelerator", 4500)
upgrade(11.095, 2.275, 13.896, 1000)
upgrade(11.095, 2.275, 13.896, 2500)
upgrade(11.095, 2.275, 13.896, 4750)
upgrade(11.095, 2.275, 13.896, 11250)
upgrade(11.095, 2.275, 13.896, 36000)
place(4.221, 0.917, 13.955, "Accelerator", 4500)
upgrade(4.221, 2.267, 13.955, 1000)
upgrade(4.221, 2.267, 13.955, 2500)
upgrade(4.221, 2.267, 13.955, 4750)
upgrade(4.221, 2.267, 13.955, 11250)
upgrade(4.221, 2.267, 13.955, 36000)
place(2.931, 0.929, 11.151, "Accelerator", 4500)
upgrade(2.931, 2.279, 11.151, 1000)
upgrade(2.931, 2.279, 11.151, 2500)
upgrade(2.931, 2.279, 11.151, 4750)
upgrade(2.931, 2.279, 11.151, 11250)
upgrade(2.931, 2.279, 11.151, 36000)
place(14.332, 0.941, 13.819, "Accelerator", 4500)
upgrade(14.332, 2.291, 13.819, 1000)
upgrade(14.332, 2.291, 13.819, 2500)
upgrade(14.332, 2.291, 13.819, 4750)
upgrade(14.332, 2.291, 13.819, 11250)
upgrade(14.332, 2.291, 13.819, 36000)
place(15.892, 0.959, 10.464, "Accelerator", 4500)
upgrade(15.892, 2.309, 10.464, 1000)
upgrade(15.892, 2.309, 10.464, 2500)
upgrade(15.892, 2.309, 10.464, 4750)
upgrade(15.892, 2.309, 10.464, 11250)
upgrade(15.892, 2.309, 10.464, 36000)
place(1.077, 0.923, 13.747, "Accelerator", 4500)
upgrade(1.077, 2.273, 13.747, 1000)
upgrade(1.077, 2.273, 13.747, 2500)
upgrade(1.077, 2.273, 13.747, 4750)
upgrade(1.077, 2.273, 13.747, 11250)
upgrade(1.077, 2.273, 13.747, 36000)
upgrade(1.077, 2.273, 13.747, 13901)
upgrade(1.077, 2.273, 13.747, 37851)
upgrade(9.263, 1.877, 10.841, 52500)
upgrade(5.770, 1.867, 8.815, 52500)
upgrade(1.906, 1.865, 7.739, 52500)
upgrade(6.817, 5.713, 7.318, 30000)
upgrade(9.988, 5.408, 8.587, 30000)
upgrade(3.952, 6.114, 6.298, 30000)
upgrade(13.013, 5.433, 8.307, 30000)
upgrade(14.725, 5.791, 5.816, 30000)
upgrade(11.704, 5.735, 5.577, 30000)
upgrade(8.502, 5.868, 4.538, 30000)
place(9.722, 0.968, 22.328, "Cowboy", 500)
sell(9.634, 2.323, 28.590)
sell(12.291, 2.328, 30.216)
sell(15.484, 2.333, 30.330)
sell(12.482, 2.326, 27.172)
sell(15.566, 2.330, 27.261)
sell(18.825, 2.335, 27.232)
sell(18.904, 2.332, 24.227)
sell(15.688, 2.328, 24.099)
sell(12.563, 2.324, 24.162)
sell(9.795, 2.321, 25.584)
place(3.744, 0.974, -10.530, "Cowboy", 500)
place(9.531, 0.990, -10.186, "Cowboy", 500)
place(-2.945, 0.982, -10.557, "Cowboy", 500)
place(-10.135, 0.981, -7.125, "Cowboy", 500)
place(-10.370, 0.961, 0.244, "Cowboy", 500)
place(-10.292, 0.939, 6.640, "Cowboy", 500)
place(15.115, 0.987, -10.119, "Cowboy", 500)
upgrade(15.115, 2.337, -10.119, 150)
upgrade(15.115, 2.337, -10.119, 550)
upgrade(15.115, 2.337, -10.119, 1500)
upgrade(15.115, 2.337, -10.119, 3000)
upgrade(15.115, 2.337, -10.119, 5250)
upgrade(9.531, 2.340, -10.186, 150)
upgrade(9.531, 2.340, -10.186, 550)
upgrade(9.531, 2.340, -10.186, 1500)
upgrade(9.531, 2.340, -10.186, 3000)
upgrade(9.531, 2.340, -10.186, 5250)
upgrade(3.744, 2.324, -10.530, 150)
upgrade(3.744, 2.324, -10.530, 550)
upgrade(3.744, 2.324, -10.530, 1500)
upgrade(3.744, 2.324, -10.530, 3000)
upgrade(3.744, 2.324, -10.530, 5250)
upgrade(-2.945, 2.332, -10.557, 150)
upgrade(-2.945, 2.332, -10.557, 550)
upgrade(-2.945, 2.332, -10.557, 1500)
upgrade(-2.945, 2.332, -10.557, 3000)
upgrade(-2.945, 2.332, -10.557, 5250)
upgrade(-10.135, 2.331, -7.125, 150)
upgrade(-10.135, 2.331, -7.125, 550)
upgrade(-10.135, 2.331, -7.125, 1500)
upgrade(-10.135, 2.331, -7.125, 3000)
upgrade(-10.135, 2.331, -7.125, 5250)
upgrade(-10.370, 2.311, 0.244, 150)
upgrade(-10.370, 2.311, 0.244, 550)
upgrade(-10.370, 2.311, 0.244, 1500)
upgrade(-10.370, 2.311, 0.244, 3000)
upgrade(-10.370, 2.311, 0.244, 5250)
upgrade(-10.292, 2.289, 6.640, 150)
upgrade(-10.292, 2.289, 6.640, 550)
upgrade(-10.292, 2.289, 6.640, 1500)
upgrade(-10.292, 2.289, 6.640, 3000)
upgrade(-10.292, 2.289, 6.640, 5250)
place(-11.009, 0.976, -3.728, "Cowboy", 500)
upgrade(-11.009, 2.326, -3.728, 150)
upgrade(-11.009, 2.326, -3.728, 550)
upgrade(-11.009, 2.326, -3.728, 1500)
upgrade(-11.009, 2.326, -3.728, 3000)
upgrade(-11.009, 2.326, -3.728, 5250)
place(-8.190, 0.982, -10.558, "Cowboy", 500)
upgrade(-8.190, 2.332, -10.558, 150)
upgrade(-8.190, 2.332, -10.558, 550)
upgrade(-8.190, 2.332, -10.558, 1500)
upgrade(-8.190, 2.332, -10.558, 3000)
upgrade(-8.190, 2.332, -10.558, 5250)
place(-10.712, 0.951, 3.396, "Cowboy", 500)
upgrade(-10.712, 2.301, 3.396, 150)
upgrade(-10.712, 2.301, 3.396, 550)
upgrade(-10.712, 2.301, 3.396, 1500)
upgrade(-10.712, 2.301, 3.396, 3000)
upgrade(-10.712, 2.301, 3.396, 5250)
place(-10.554, 0.928, 10.022, "Cowboy", 500)
sell(15.892, 2.309, 10.464)
sell(14.332, 2.291, 13.819)
sell(12.877, 2.294, 10.819)
sell(11.095, 2.275, 13.896)
place(-19.201, 0.980, -6.505, "Accelerator", 4500)
upgrade(-19.201, 2.330, -6.505, 1000)
upgrade(-19.201, 2.330, -6.505, 2500)
upgrade(-19.201, 2.330, -6.505, 4750)
upgrade(-19.201, 2.330, -6.505, 11250)
upgrade(-19.201, 2.330, -6.505, 36000)
place(-22.371, 1.008, -6.476, "Accelerator", 4500)
upgrade(-22.371, 2.358, -6.476, 1000)
upgrade(-22.371, 2.358, -6.476, 2500)
upgrade(-22.371, 2.358, -6.476, 4750)
upgrade(-22.371, 2.358, -6.476, 11250)
upgrade(-22.371, 2.358, -6.476, 36000)
place(-25.726, 1.008, -6.378, "Accelerator", 4500)
upgrade(-25.726, 2.358, -6.378, 1000)
upgrade(-25.726, 2.358, -6.378, 2500)
upgrade(-25.726, 2.358, -6.378, 4750)
upgrade(-25.726, 2.358, -6.378, 11250)
upgrade(-25.726, 2.358, -6.378, 36000)
place(-19.657, 0.982, -9.948, "Accelerator", 4500)
upgrade(-19.657, 2.332, -9.948, 1000)
upgrade(-19.657, 2.332, -9.948, 2500)
upgrade(-19.657, 2.332, -9.948, 4750)
upgrade(-19.657, 2.332, -9.948, 11250)
upgrade(-19.657, 2.332, -9.948, 36000)
place(-17.658, 0.983, -12.964, "Accelerator", 4500)
sell(9.263, 1.877, 10.841)
sell(5.770, 1.867, 8.815)
sell(1.906, 1.865, 7.739)
sell(2.931, 2.279, 11.151)
sell(1.077, 2.273, 13.747)
sell(4.221, 2.267, 13.955)
sell(7.277, 2.257, 13.933)
place(-31.441, 1.007, -4.857, "Turret", 5000)
upgrade(-31.441, 1.957, -4.857, 1250)
upgrade(-31.441, 1.957, -4.857, 7250)
upgrade(-31.441, 1.957, -4.857, 15000)
upgrade(-31.441, 1.957, -4.857, 30000)
upgrade(-31.441, 1.957, -4.857, 52500)
place(-34.034, 0.984, -14.134, "Turret", 5000)
upgrade(-34.034, 1.934, -14.134, 1250)
upgrade(-34.034, 1.934, -14.134, 7250)
upgrade(-34.034, 1.934, -14.134, 15000)
upgrade(-34.034, 1.934, -14.134, 30000)
upgrade(-34.034, 1.934, -14.134, 52500)
place(-28.425, 0.987, -23.163, "Turret", 5000)
upgrade(-28.425, 1.937, -23.163, 1250)
upgrade(-28.425, 1.937, -23.163, 7250)
upgrade(-28.425, 1.937, -23.163, 15000)
upgrade(-28.425, 1.937, -23.163, 30000)
upgrade(-28.425, 1.937, -23.163, 52500)
place(-18.347, 0.983, -13.236, "Accelerator", 4500)
upgrade(-18.347, 2.333, -13.236, 1000)
upgrade(-18.347, 2.333, -13.236, 2500)
upgrade(-18.347, 2.333, -13.236, 4750)
upgrade(-18.347, 2.333, -13.236, 11250)
upgrade(-18.347, 2.333, -13.236, 36000)
place(-17.935, 0.985, -17.024, "Accelerator", 4500)
upgrade(-17.935, 2.335, -17.024, 1000)
upgrade(-17.935, 2.335, -17.024, 2500)
upgrade(-17.935, 2.335, -17.024, 4750)
upgrade(-17.935, 2.335, -17.024, 11250)
upgrade(-17.935, 2.335, -17.024, 36000)
place(-21.208, 0.985, -16.744, "Accelerator", 4500)
upgrade(-21.208, 2.335, -16.744, 1000)
upgrade(-21.208, 2.335, -16.744, 2500)
upgrade(-21.208, 2.335, -16.744, 4750)
upgrade(-21.208, 2.335, -16.744, 11250)
upgrade(-21.208, 2.335, -16.744, 36000)
place(-21.392, 0.983, -13.277, "Accelerator", 4500)
upgrade(-21.392, 2.333, -13.277, 1000)
upgrade(-21.392, 2.333, -13.277, 2500)
upgrade(-21.392, 2.333, -13.277, 4750)
upgrade(-21.392, 2.333, -13.277, 11250)
upgrade(-21.392, 2.333, -13.277, 36000)
place(-11.117, 0.984, -14.463, "Accelerator", 4500)
sell(-10.292, 2.289, 6.640)
place(-20.528, 1.006, -0.981, "Cowboy", 500)
sell(-10.712, 2.301, 3.396)
place(-17.416, 1.000, -0.719, "Cowboy", 500)
sell(15.115, 2.337, -10.119)
sell(9.531, 2.340, -10.186)
sell(3.744, 2.324, -10.530)
sell(-2.945, 2.332, -10.557)
place(-14.058, 0.970, -0.536, "Cowboy", 500)
place(-11.022, 0.983, -11.736, "Cowboy", 500)
place(-11.233, 0.984, -15.090, "Cowboy", 500)
upgrade(-11.022, 2.333, -11.736, 150)
upgrade(-11.022, 2.333, -11.736, 550)
upgrade(-11.022, 2.333, -11.736, 1500)
upgrade(-11.022, 2.333, -11.736, 3000)
upgrade(-11.022, 2.333, -11.736, 5250)
upgrade(-11.233, 2.334, -15.090, 150)
upgrade(-11.233, 2.334, -15.090, 550)
upgrade(-11.233, 2.334, -15.090, 1500)
upgrade(-11.233, 2.334, -15.090, 3000)
upgrade(-11.233, 2.334, -15.090, 5250)
